PolyBench				   2	  10	  20	  30	  40	  50	  60
CompTuner_high on P1	0.0588	0.0584	0.0492	0.0429	0.0354	0.0339	0.0228
BOCA on P1	            0.0626	0.0602	0.0584	0.0528	0.0422	0.0318	0.0275
CompTuner on P1	        0.0629	0.0547	0.0464	0.0408	0.0323	0.0184	0.0181
CompTuner_high on P2	0.0769	0.0712	0.0648	0.0696	0.0417	0.0335	0.0273
BOCA on P2	            0.0799	0.0427	0.0409	0.0477	0.0368	0.0311	0.0305
CompTuner on P2	        0.0693	0.0415	0.0379	0.0329	0.0276	0.0214	0.0192
CompTuner_high on P3	0.0872	0.0748	0.0715	0.0627	0.0623	0.0506	0.0498
BOCA on P3	            0.0733	0.0614	0.0608	0.0589	0.0562	0.0476	0.0455
CompTuner on P3	        0.0768	0.0599	0.0574	0.0428	0.0324	0.0315	0.0313

cBench                     2	  10	  20	  30	  40	  50	  60
CompTuner_high on C1	0.0618	0.0594	0.0461	0.0527	0.0439	0.0314	0.0203
BOCA on C1	            0.0799	0.0668	0.0634	0.0499	0.0498	0.0383	0.0279
CompTuner on C1	        0.0847	0.0701	0.0694	0.0428	0.0366	0.0339	0.0235
CompTuner_high on C2	0.0569	0.0412	0.0448	0.0396	0.0317	0.0235	0.0224
BOCA on C2	            0.0464	0.0392	0.0268	0.0263	0.0225	0.0199	0.0192
CompTuner on C2	        0.0457	0.0443	0.0364	0.0259	0.0227	0.0224	0.0216
CompTuner_high on C3	0.0715	0.0689	0.0583	0.0405	0.0416	0.0294	0.0262
BOCA on C3	            0.0642	0.0513	0.0425	0.0377	0.0284	0.0236	0.0218
CompTuner on C3	        0.0706	0.0473	0.0458	0.0366	0.0289	0.0197	0.0195